image_width: 640
image_height: 512
camera_name: Boson640
camera_matrix:
  rows: 3
  cols: 3
  data: [767.942728, 0.000000, 317.244746, 0.000000, 767.068789, 231.644928, 0.000000, 0.000000, 1.000000]
distortion_model: plumb_bob
distortion_coefficients:
  rows: 1
  cols: 5
  data: [-0.504042, 0.268940, 0.003454, -0.000748, 0.000000]
rectification_matrix:
  rows: 3
  cols: 3
  data: [1.000000, 0.000000, 0.000000, 0.000000, 1.000000, 0.000000, 0.000000, 0.000000, 1.000000]
projection_matrix:
  rows: 3
  cols: 4
  data: [694.958557, 0.000000, 316.182977, 0.000000, 0.000000, 720.968750, 229.582940, 0.000000, 0.000000, 0.000000, 1.000000, 0.000000]
